Size	Initial FCT	After rederiction FCT
0.195	13	32
0.195	12	29
0.195	7	7.2
0.195	8	7.5
0.195	110	56
0.195	2	3.4
0.195	2	2.2
0.293	24	26
0.293	11	9.7
0.293	19	13
0.391	31	26
0.391	32	21
0.488	52	17
0.488	47	32
0.488	60	25
0.488	17	12
0.488	32	36
0.488	24	16
0.488	24	12
0.684	75	15
0.684	13	13
0.684	14	13
0.684	59	39
0.684	14	11
0.684	20	11
0.684	22	16
0.781	15	15
0.781	18	15
0.781	17	15
0.781	9	5.8
0.781	20	12
0.781	26	17
0.781	26	17
0.781	13	14
0.781	13	14
0.781	301	27
0.879	17	16
0.879	10	8.6
0.879	6	8.1
0.879	96	54
0.879	11	12
0.879	47	24
0.879	86	24
0.879	9	7.6
0.879	342	28
1.9	11	13
1.9	60	29
1.9	37	24
1.9	182	75
1.9	80	30
1.9	45	16
3.8	75	36
3.8	453	94
3.8	72	29
3.8	145	36
3.8	52	31
3.8	51	31
4.8	654	61
4.8	146	46
4.8	90	33
4.8	351	55
4.8	55	20
4.8	66	46
4.8	75	34
4.8	735	15
5.7	169	52
5.7	125	58
5.7	113	48
5.7	72	45
5.7	108	37
5.7	157	43
5.7	90	47
6.7	129	35
6.7	587	106
6.7	106	50
6.7	126	42
6.7	54	53
6.7	121	48
6.7	100	41
6.7	791	28
7.6	169	65
7.6	152	36
7.6	164	48
7.6	145	41
7.6	104	53
8.6	171	38
8.6	274	51
8.6	164	42
8.6	398	46
8.6	125	49
8.6	109	54
